5443322222334455555555544444455555555544444455556677777665555444444555555555443322222334
4433322223344455556655554444455556655554444555566777777766555444444455555444433222223344
4333222223344555566665555444555566665555555555667778887766555544444455554444333222223344
3332222223344555666665555445555666666555555566677788887776655554444444444433322222223445
3322222233445555566655554445555666666665556666777888888776655554444444443333222212233455
2222222233445555555555444444555566666666666677778888888766555544444444333322221112233456
2222222334445555555544444444455556666666666777788899887766555444444333333222211111234456
2222233344444455444443333344455555666666666777788898887765555444333333333222211111234556
2223334444444444444333333333444555555666666777788888887665544443333333333222211111234456
2333344455544444433322222233444455555555666677778888877655444433333333333322221112233456
3334455555554444433222222233344445555555556666777888877655444333333334443333222212233455
3444556665554444333222122233344445555555555566677777776655444333333444444433322222223445
4445566666655444433222122233444455555544445555666777776655444433334444444444333222223344
4455667776655544433222222233444555555544444555566777776655544443344445555444433222223344
5556677777665555443322222334455555555544444455556677777665555444444555555555443322222334
5556677777665555443322222334455555555544444455556677777665555444444555555555443322222334
5566777777766555444332223344555556555544434444555667777666555544445555665555444332222333
5667778887766555544333333445555666655544333444455667777766655555555556666555544332222233
6677788887776655544433334455566666665544333344455667777776666555555566666655554433222233
6777888888776655544443444556666677665544333344455667777777666666666666666555554433333333
7778888888766555544444445566677777665544333444455667777777777666666666665555554443333334
7788899887766555444444455667777777665544434444555667777777777777666665555555554444444444
7788898887765555444444556677777777665544444455556667777777777777766655555555555555555555
7788888887665544443444556677777776655444444455566667777777777777766655444444445555555555
7778888877655444433344556677777666554444444555566666666666677777766554444444445556666665
6777888877655444333344556677666665544434444555666666666666666677666544433444445566666666
6677777776655444333344556666666555443333444555666666655555566666665544333344445566777766
5666777776655444433344555666655554433333344555566666555555555666655544333444455667777766
5566777776655544443444555565555544332223344455556655554444555556555544434444555667777666
5556677777665555444444555555555443322222334455555555544444455555555544444455556677777665
5556677777665555444444555555555443322222334455555555544444455555555544444455556677777665
4555667777666555544444555555544433222222233444555554444334444455555444444455566677776655
4455667777766655555444555555444433222122233444455544443333344444554444444555566777776655
3445566777776666555555555554444333222122233344445444433333333444444444445555666777766554
3344566777777666666555555544444433222222233344445544433322333333344444445555666777666544
2334456677777777666665555554444433322222233444455554433222222333333333444555566676665443
2233455677777777777666655554444444333333333444555555443322222222222333344455566666655443
2233455667777777777766655555555444443333344455555555543322222222222223334455556666655433
2233445566677777777776655555555555544444444455556665554332222222211222333444555666655443
2334445556666677777776655555555555555444444555566666655433322222111112233444455566655443
3334445555566666677766655555555566655554445555666676665543333222211112233344455566665544
3444455555555566666666555555555666665555445555666777766554433332211112233344455566666554
4445555544455555666666555445555566665555444555566777776655444332221112233444455666666555
4455555544444555556655554444555556655554444455566677776655544433222222233444555667776655
5555555544444455555555544444455555555544444455556677777665555443322222334455556677777665
5555555544444455555555544444455555555544444455556677777665555443322222334455556677777665
5556555444434444455554444334444455554444334444555667777666555544332223344555566777777766
5666655444333344444444443333444445544433333344455667777766655554433333445555667778887766
6666665443333333444444433333344444444333333333445566777776666555444444455566667788887766
6676665433222233334444443333444444443332222233344566777777666665555455556666777788887766
7777655432222222333444444444444444433322222222334456677777777666665556666677777888887766
7777654432222222233344444444444444433221111222233455677777777777666666677777777788777666
7776654322211222233444555555555444433221111222233455667777777777777777777777777777776665
7776554322111222233445555555555544432211111222233445566677777777778887777777777777666655
7666543322122222334455666665555554432211112222334445556666677777888888877777666666666555
6665443222222233344556666666555554332221222233334445555566666777788888777766666655555554
6554433222223333445566777766655544332222222333444455555555566667788888776666555555555554
5544332222233344455667777766555544332222233344445555544455555667778887776655555445555555
5444332222333444555667777666555444332222233444455555544444555566777777766555544444555555
5443322222334455556677777665555443322222334455555555544444455556677777665555444444555555
5443322222334455556677777665555443322222334455555555544444455556677777665555444444555555
4433322223344555566677776655544433322223344455556555444434444555667776655544443444455565
4433222223345555666777776655444333222223344555666655444333344455566666554444333334455666
4333322333455566667777766554433332222233445566666665443333333445556665544433333334455566
4433333344556666677777766544333222222234456666676665433222233344555555544333222233445556
4443344445566677777777665443322222122334566677777655432222222334455554443322222223344555
4444445556667777777777655433222211122345567777777654432222222233445554433222211122334455
5555555666777777777776655433222211222345667777776654322211222233444544433222211112233444
5555666777777777777666554433222222223445677777776554322111222233445554433222211111223344
5556677777777777666665554443322222223455677777666543322122222334455555443322221111122333
5566777788777666666555554443333222233456667666665443222222233344555555544333222111112233
5666777887776666555555555444433333334456666666554433222223333445556665554433322211112233
5566777887766655555444555554444333344455666655544332222233344455566666555444332221112233
5566777777766555544444555555444443444455565555444332222333444455667776655544433222222233
5556677777665555444444555555555444444555555555443322222334455556677777665555443322222334
5556677777665555444444555555555444444555555555443322222334455556677777665555443322222334
4455667776655444443444555565555544444555555544433322223344455566777777766555444332223344
4445566666554444333344555666655555445555555444433222223344555566777877766555544333333445
3444555655544433333334556666666555555555554444333222223344555666777877766655554443334455
3344455555443333322334556677666666655555554444333222223344555666777777766555554444444556
2333444444333322222334556677777666666666555444433222223344555566777777666555555444555666
2233344443332222222334556677777777777666655544433322223334455566666666655555555555556667
2233333333322222222334556677777777777776665555443322222334455555666665555555555555666777
2233333333222222223334556667777777788777666555443332222333444555555555444444445556677777
2333333332222222333344555666677777888887766555544332222233444455555544444444445566777777
3334443333222333334444555556666777788887766655544332222233344445554444333444445566777777
3444444333333333444444555555566667788887766655544332222233344445544443333344455667777776
4444444433333344445555544445555667778887766555544332222233444455544443333444455667777766
